100
11.4 41.6 1.3
21.6 94.4 33.9
38.2 51.6 49.5
37.4 196.4 9.3
16.8 186.2 25.1
80.9 143.8 34.8
96.3 108.4 24.9
21.2 179.8 35.8
21.4 135.2 26.4
12.4 161.2 6.5
41.1 81.9 24.0
49.3 199.1 30.2
73.4 80.6 34.6
26.0 161.4 6.9
7.4 92.6 32.5
3.5 104.9 34.4
26.3 191.8 3.7
34.5 123.2 37.1
86.2 148.0 5.6
88.3 171.6 14.8
67.5 148.9 28.5
87.7 139.4 30.2
77.2 94.7 44.7
8.1 126.6 47.1
98.5 182.3 42.5
29.6 104.9 46.4
3.9 93.9 3.8
72.2 125.2 28.5
49.5 168.7 22.6
0.9 132.1 24.0
99.7 113.1 14.2
76.4 104.1 27.8
64.7 195.4 9.4
59.4 178.3 6.7
25.8 41.3 49.6
54.6 88.7 10.3
41.3 80.9 19.7
39.8 101.4 49.6
27.2 61.3 20.3
51.3 119.0 47.9
57.0 135.1 8.2
23.7 34.6 24.3
90.1 195.2 14.4
8.7 194.5 0.4
69.9 86.7 5.8
43.7 174.2 21.8
6.6 182.7 29.5
16.9 74.1 28.2
26.9 162.6 41.6
91.3 140.9 29.2
8.1 12.0 10.4
23.9 29.6 24.5
61.6 91.6 26.7
53.2 95.0 25.1
76.8 163.8 36.2
51.5 66.3 25.2
21.0 140.1 4.3
43.7 67.3 19.6
93.1 177.8 23.0
15.0 50.0 34.4
99.5 121.4 47.1
60.4 143.3 37.1
30.1 39.0 35.4
92.8 142.3 25.5
20.3 159.6 6.2
30.3 88.1 13.5
52.9 139.6 23.3
43.4 190.6 4.4
43.7 67.9 39.7
70.8 115.4 8.7
34.3 161.3 26.3
15.8 26.5 45.0
40.8 83.9 28.6
37.2 78.0 6.1
43.4 184.3 12.9
51.1 124.1 34.3
13.4 181.4 6.4
77.7 152.0 48.6
18.9 99.5 47.1
22.4 173.2 35.5
97.2 196.4 10.1
68.2 160.7 33.9
85.6 186.4 49.1
7.5 74.8 8.7
31.8 170.9 30.0
49.7 97.9 16.9
22.9 27.4 41.8
45.0 48.1 46.4
29.9 122.9 14.6
38.0 89.4 44.8
45.4 197.2 2.2
67.6 143.6 12.4
34.2 131.2 8.4
30.1 82.3 21.5
5.3 95.7 7.0
61.2 133.3 43.6
92.3 190.7 30.3
77.5 119.6 24.4
74.6 160.5 42.9
44.9 139.8 1.9
