10000
0.323000
0.364000
0.349000
0.359000
0.348000
0.381000
0.366000
0.356000
0.349000
0.349000
0.326000
0.336000
0.343000
0.341000
0.315000
0.320000
0.360000
0.350000
0.360000
0.350000
0.380000
0.370000
0.360000
0.350000
0.350000
0.330000
0.340000
0.340000
0.340000
0.310000

Average Execution Time: 0.34716666666667 = 0.347200

1000
0.004000
0.004000
0.004000
0.003000
0.004000
0.002000
0.010000
0.005000
0.005000
0.003000
0.007000
0.004000
0.003000
0.004000
0.005000
0.004000
0.004000
0.004000
0.008000
0.003000
0.002000
0.009000
0.006000
0.003000
0.003000
0.004000
0.003000
0.004000
0.005000
0.002000

Average Execution Time: 0.0043666666666667 = 0.004367

100
0.004000
0.003000
0.004000
0.005000
0.004000
0.002000
0.003000
0.004000
0.003000
0.004000
0.005000
0.006000
0.008000
0.003000
0.004000
0.003000
0.004000
0.003000
0.004000
0.005000
0.003000
0.002000
0.003000
0.004000
0.004000
0.005000
0.006000
0.008000
0.003000
0.004000
0.003000

Average Execution Time: 0.0040645161290323 = 0.004065


10
0.001000
0.003000
0.000000
0.000000
0.000000
0.000000
0.000000
0.000000
0.000000
0.000000
0.000000
0.001000
0.000000
0.001000
0.000000
0.001000
0.000000
0.003000
0.001000
0.000000
0.000000
0.000000
0.000000
0.000000
0.000000
0.000000
0.000000
0.000000
0.000000
0.000000

Average Execution Time: 0.00036666666666667 = 0.000367